9
6
-1  50  32  70  112 132 0   -1  -1
50  -1  71  104 170 133 50  -1  -1
32  71  -1  99  97  56  -1  0   -1
70  104 99 -1   195 159 70  -1  -1
112 170 97 195  -1  71  -1  -1  0
132 133 56 159  71  -1  -1  -1  71
0   50  -1  70  -1  -1  -1  32  -1   0
-1  -1  0   -1  -1  -1  32  -1  97   2
-1  -1  -1  -1  0   71  -1  97  -1   4

18
0 6 12 1 2 3 7 8 9 13 15 16 17 14
1 7 13 6 12 14 15
2 8 14 0 6 7 9 10 11 12 13 15 16 17
3 9 15 12 13
4 10 16 5 11 17
5 11 17 4 10 8 14 16